{
 "cells": [
  {
   "cell_type": "code",
   "execution_count": 1,
   "metadata": {
    "collapsed": true
   },
   "outputs": [],
   "source": [
    "import numpy as np"
   ]
  },
  {
   "cell_type": "code",
   "execution_count": 18,
   "metadata": {
    "collapsed": true
   },
   "outputs": [],
   "source": [
    "# Constants\n",
    "NUMBER_OF_ROWS = 5\n",
    "NUMBER_OF_COLUMNS = 5\n",
    "EPSILON = NUMBER_OF_ROWS * NUMBER_OF_COLUMNS * 0.5\n",
    "DISCOUNT_FACTOR = 1"
   ]
  },
  {
   "cell_type": "code",
   "execution_count": 19,
   "metadata": {},
   "outputs": [
    {
     "name": "stdout",
     "output_type": "stream",
     "text": [
      "[[ 0  1  2  3  4]\n",
      " [ 5  6  7  8  9]\n",
      " [10 11 12 13 14]\n",
      " [15 16 17 18 19]\n",
      " [20 21 22 23  0]]\n"
     ]
    }
   ],
   "source": [
    "# Create GridWorld\n",
    "gridWorld = np.arange(NUMBER_OF_ROWS * NUMBER_OF_COLUMNS).reshape(NUMBER_OF_ROWS, NUMBER_OF_COLUMNS)\n",
    "gridWorld[NUMBER_OF_ROWS-1][NUMBER_OF_COLUMNS-1] = 0\n",
    "print(gridWorld)"
   ]
  },
  {
   "cell_type": "code",
   "execution_count": 20,
   "metadata": {},
   "outputs": [],
   "source": [
    "# Initialize policy matrix\n",
    "policy = np.zeros((NUMBER_OF_ROWS*NUMBER_OF_COLUMNS, 4), dtype=float)\n",
    "policy.fill(0.25)"
   ]
  },
  {
   "cell_type": "code",
   "execution_count": 21,
   "metadata": {},
   "outputs": [
    {
     "data": {
      "text/plain": [
       "array([[ 0.,  0.,  0.,  0.,  0.],\n",
       "       [ 0.,  0.,  0.,  0.,  0.],\n",
       "       [ 0.,  0.,  0.,  0.,  0.],\n",
       "       [ 0.,  0.,  0.,  0.,  0.],\n",
       "       [ 0.,  0.,  0.,  0.,  0.]])"
      ]
     },
     "execution_count": 21,
     "metadata": {},
     "output_type": "execute_result"
    }
   ],
   "source": [
    "# Initialize value function\n",
    "value = np.zeros((NUMBER_OF_ROWS, NUMBER_OF_COLUMNS), dtype=float)\n",
    "value"
   ]
  },
  {
   "cell_type": "code",
   "execution_count": 22,
   "metadata": {
    "collapsed": true
   },
   "outputs": [],
   "source": [
    "# Initialize reward matrix\n",
    "reward = np.zeros((NUMBER_OF_ROWS*NUMBER_OF_COLUMNS, 4))\n",
    "reward.fill(-1)\n",
    "reward[0] = 0\n",
    "reward[NUMBER_OF_ROWS*NUMBER_OF_COLUMNS - 1] = 0"
   ]
  },
  {
   "cell_type": "code",
   "execution_count": 23,
   "metadata": {
    "collapsed": true
   },
   "outputs": [],
   "source": [
    "# Initialize state transition probability matrix\n",
    "transitionProbability = np.zeros((NUMBER_OF_ROWS*NUMBER_OF_COLUMNS, 4, NUMBER_OF_ROWS*NUMBER_OF_COLUMNS))\n",
    "for i in range(NUMBER_OF_ROWS*NUMBER_OF_COLUMNS-1):\n",
    "    # Going left\n",
    "    leftInd = i-1\n",
    "    if (leftInd % NUMBER_OF_COLUMNS) == 4:\n",
    "        leftInd = i\n",
    "    transitionProbability[i][0][leftInd] = 1\n",
    "    \n",
    "    # Going up\n",
    "    topInd = i - NUMBER_OF_COLUMNS\n",
    "    if topInd < 0:\n",
    "        topInd = i\n",
    "    transitionProbability[i][1][topInd] = 1\n",
    "    \n",
    "    # Going right\n",
    "    rightInd = i+1\n",
    "    if (rightInd % NUMBER_OF_COLUMNS) == 0:\n",
    "        rightInd = i\n",
    "    transitionProbability[i][2][rightInd] = 1\n",
    "    \n",
    "    # Going down\n",
    "    botInd = i + NUMBER_OF_COLUMNS\n",
    "    if botInd > (NUMBER_OF_ROWS*NUMBER_OF_COLUMNS - 1):\n",
    "        botInd = i\n",
    "    transitionProbability[i][3][botInd] = 1\n",
    "\n",
    "# Terminal States\n",
    "transitionProbability[0] = 0\n",
    "transitionProbability[NUMBER_OF_ROWS*NUMBER_OF_COLUMNS - 1] = 0\n",
    "transitionProbability[0, :, 0] = 1\n",
    "transitionProbability[NUMBER_OF_ROWS*NUMBER_OF_COLUMNS - 1, :, NUMBER_OF_ROWS*NUMBER_OF_COLUMNS - 1] = 1"
   ]
  },
  {
   "cell_type": "code",
   "execution_count": 24,
   "metadata": {},
   "outputs": [
    {
     "name": "stdout",
     "output_type": "stream",
     "text": [
      "Iteration: 1\n",
      "[[ 0. -1. -1. -1. -1.]\n",
      " [-1. -1. -1. -1. -1.]\n",
      " [-1. -1. -1. -1. -1.]\n",
      " [-1. -1. -1. -1. -1.]\n",
      " [-1. -1. -1. -1.  0.]]\n",
      "23.0\n",
      "Iteration: 2\n",
      "[[ 0.   -1.75 -2.   -2.   -2.  ]\n",
      " [-1.75 -2.   -2.   -2.   -2.  ]\n",
      " [-2.   -2.   -2.   -2.   -2.  ]\n",
      " [-2.   -2.   -2.   -2.   -1.75]\n",
      " [-2.   -2.   -2.   -1.75  0.  ]]\n",
      "22.0\n",
      "Iteration: 3\n",
      "[[ 0.     -2.4375 -2.9375 -3.     -3.    ]\n",
      " [-2.4375 -2.875  -3.     -3.     -3.    ]\n",
      " [-2.9375 -3.     -3.     -3.     -2.9375]\n",
      " [-3.     -3.     -3.     -2.875  -2.4375]\n",
      " [-3.     -3.     -2.9375 -2.4375  0.    ]]\n",
      "21.25\n",
      "Iteration: 4\n",
      "[[ 0.       -3.0625   -3.84375  -3.984375 -4.      ]\n",
      " [-3.0625   -3.71875  -3.953125 -4.       -3.984375]\n",
      " [-3.84375  -3.953125 -4.       -3.953125 -3.84375 ]\n",
      " [-3.984375 -4.       -3.953125 -3.71875  -3.0625  ]\n",
      " [-4.       -3.984375 -3.84375  -3.0625    0.      ]]\n",
      "20.5625\n",
      "Iteration: 5\n",
      "[[ 0.         -3.65625    -4.7109375  -4.95703125 -4.9921875 ]\n",
      " [-3.65625    -4.5078125  -4.890625   -4.96875    -4.95703125]\n",
      " [-4.7109375  -4.890625   -4.953125   -4.890625   -4.7109375 ]\n",
      " [-4.95703125 -4.96875    -4.890625   -4.5078125  -3.65625   ]\n",
      " [-4.9921875  -4.95703125 -4.7109375  -3.65625     0.        ]]\n",
      "19.9375\n",
      "Iteration: 6\n",
      "[[ 0.         -4.21875    -5.55371094 -5.90722656 -5.97460938]\n",
      " [-4.21875    -5.2734375  -5.78515625 -5.92382812 -5.90722656]\n",
      " [-5.55371094 -5.78515625 -5.890625   -5.78515625 -5.55371094]\n",
      " [-5.90722656 -5.92382812 -5.78515625 -5.2734375  -4.21875   ]\n",
      " [-5.97460938 -5.90722656 -5.55371094 -4.21875     0.        ]]\n",
      "19.34375\n",
      "Iteration: 7\n",
      "[[ 0.         -4.76147461 -6.36621094 -6.83984375 -6.94091797]\n",
      " [-4.76147461 -6.00195312 -6.66040039 -6.84619141 -6.83984375]\n",
      " [-6.36621094 -6.66040039 -6.78515625 -6.66040039 -6.36621094]\n",
      " [-6.83984375 -6.84619141 -6.66040039 -6.00195312 -4.76147461]\n",
      " [-6.94091797 -6.83984375 -6.36621094 -4.76147461  0.        ]]\n",
      "18.78125\n",
      "Iteration: 8\n",
      "[[ 0.         -5.28240967 -7.15698242 -7.74829102 -7.89038086]\n",
      " [-5.28240967 -6.7109375  -7.49987793 -7.75012207 -7.74829102]\n",
      " [-7.15698242 -7.49987793 -7.66040039 -7.49987793 -7.15698242]\n",
      " [-7.74829102 -7.75012207 -7.49987793 -6.7109375  -5.28240967]\n",
      " [-7.89038086 -7.74829102 -7.15698242 -5.28240967  0.        ]]\n",
      "18.2385253906\n",
      "Iteration: 9\n",
      "[[ 0.         -5.7875824  -7.92189026 -8.63644409 -8.81933594]\n",
      " [-5.7875824  -7.3911438  -8.3196106  -8.62408447 -8.63644409]\n",
      " [-7.92189026 -8.3196106  -8.49987793 -8.3196106  -7.92189026]\n",
      " [-8.63644409 -8.62408447 -8.3196106  -7.3911438  -5.7875824 ]\n",
      " [-8.81933594 -8.63644409 -7.92189026 -5.7875824   0.        ]]\n",
      "17.717590332\n",
      "Iteration: 10\n",
      "[[ 0.         -6.27515411 -8.66638184 -9.50043869 -9.72789001]\n",
      " [-6.27515411 -8.0535965  -9.10924911 -9.47802734 -9.50043869]\n",
      " [-8.66638184 -9.10924911 -9.3196106  -9.10924911 -8.66638184]\n",
      " [-9.50043869 -9.47802734 -9.10924911 -8.0535965  -6.27515411]\n",
      " [-9.72789001 -9.50043869 -8.66638184 -6.27515411  0.        ]]\n",
      "17.2124176025\n",
      "Iteration: 11\n",
      "[[  0.          -6.74878311  -9.38780594 -10.34318447 -10.61416435]\n",
      " [ -6.74878311  -8.69220161  -9.87940407 -10.3048439  -10.34318447]\n",
      " [ -9.38780594  -9.87940407 -10.10924911  -9.87940407  -9.38780594]\n",
      " [-10.34318447 -10.3048439   -9.87940407  -8.69220161  -6.74878311]\n",
      " [-10.61416435 -10.34318447  -9.38780594  -6.74878311   0.        ]]\n",
      "16.7248458862\n",
      "Iteration: 12\n",
      "[[  0.          -7.20719767 -10.0897944  -11.16249967 -11.47867441]\n",
      " [ -7.20719767  -9.31409359 -10.62352514 -11.11129427 -11.16249967]\n",
      " [-10.0897944  -10.62352514 -10.87940407 -10.62352514 -10.0897944 ]\n",
      " [-11.16249967 -11.11129427 -10.62352514  -9.31409359  -7.20719767]\n",
      " [-11.47867441 -11.16249967 -10.0897944   -7.20719767   0.        ]]\n",
      "16.2512168884\n",
      "Iteration: 13\n",
      "[[  0.          -7.65277141 -10.77075422 -11.96056569 -12.32058704]\n",
      " [ -7.65277141  -9.9153614  -11.34864658 -11.8930124  -11.96056569]\n",
      " [-10.77075422 -11.34864658 -11.62352514 -11.34864658 -10.77075422]\n",
      " [-11.96056569 -11.8930124  -11.34864658  -9.9153614   -7.65277141]\n",
      " [-12.32058704 -11.96056569 -10.77075422  -7.65277141   0.        ]]\n",
      "15.7928023338\n",
      "Iteration: 14\n",
      "[[  0.          -8.08472176 -11.43318447 -12.73622984 -13.14057636]\n",
      " [ -8.08472176 -10.500709   -12.05066329 -12.65460613 -12.73622984]\n",
      " [-11.43318447 -12.05066329 -12.34864658 -12.05066329 -11.43318447]\n",
      " [-12.73622984 -12.65460613 -12.05066329 -10.500709    -8.08472176]\n",
      " [-13.14057636 -12.73622984 -11.43318447  -8.08472176   0.        ]]\n",
      "15.3472285867\n",
      "Iteration: 15\n",
      "[[  0.          -8.50465381 -12.07619984 -13.4911492  -13.9384031 ]\n",
      " [ -8.50465381 -11.06769253 -12.73428655 -13.39344656 -13.4911492 ]\n",
      " [-12.07619984 -12.73428655 -13.05066329 -12.73428655 -12.07619984]\n",
      " [-13.4911492  -13.39344656 -12.73428655 -11.06769253  -8.50465381]\n",
      " [-13.9384031  -13.4911492  -12.07619984  -8.50465381   0.        ]]\n",
      "14.915278241\n",
      "Iteration: 16\n",
      "[[  0.          -8.91213654 -12.70157235 -14.22479968 -14.71477615]\n",
      " [ -8.91213654 -11.61947018 -13.39700056 -14.11271787 -14.22479968]\n",
      " [-12.70157235 -13.39700056 -13.73428655 -13.39700056 -12.70157235]\n",
      " [-14.22479968 -14.11271787 -13.39700056 -11.61947018  -8.91213654]\n",
      " [-14.71477615 -14.22479968 -12.70157235  -8.91213654   0.        ]]\n",
      "14.4953461923\n",
      "Iteration: 17\n",
      "[[  0.          -9.30829477 -13.30887728 -14.93846651 -15.46978791]\n",
      " [ -9.30829477 -12.15456855 -14.04201174 -14.81090012 -14.93846651]\n",
      " [-13.30887728 -14.04201174 -14.39700056 -14.04201174 -13.30887728]\n",
      " [-14.93846651 -14.81090012 -14.04201174 -12.15456855  -9.30829477]\n",
      " [-15.46978791 -14.93846651 -13.30887728  -9.30829477   0.        ]]\n",
      "14.0878634565\n",
      "Iteration: 18\n",
      "[[  0.          -9.69293515 -13.89941257 -15.63200796 -16.20412721]\n",
      " [ -9.69293515 -12.67515325 -14.66783663 -15.49023912 -15.63200796]\n",
      " [-13.89941257 -14.66783663 -15.04201174 -14.66783663 -13.89941257]\n",
      " [-15.63200796 -15.49023912 -14.66783663 -12.67515325  -9.69293515]\n",
      " [-16.20412721 -15.63200796 -13.89941257  -9.69293515   0.        ]]\n",
      "13.6917052325\n",
      "Iteration: 19\n",
      "[[  0.         -10.06687524 -14.47304808 -16.30644672 -16.91806758]\n",
      " [-10.06687524 -13.18038589 -15.27670417 -16.14992229 -16.30644672]\n",
      " [-14.47304808 -15.27670417 -15.66783663 -15.27670417 -14.47304808]\n",
      " [-16.30644672 -16.14992229 -15.27670417 -13.18038589 -10.06687524]\n",
      " [-16.91806758 -16.30644672 -14.47304808 -10.06687524   0.        ]]\n",
      "13.3070648503\n",
      "Iteration: 20\n",
      "[[  0.         -10.4300773  -15.03076855 -16.96187117 -17.61225715]\n",
      " [-10.4300773  -13.67178971 -15.86779822 -16.79157544 -16.96187117]\n",
      " [-15.03076855 -15.86779822 -16.27670417 -15.86779822 -15.03076855]\n",
      " [-16.96187117 -16.79157544 -15.86779822 -13.67178971 -10.4300773 ]\n",
      " [-17.61225715 -16.96187117 -15.03076855 -10.4300773    0.        ]]\n",
      "12.9331247559\n",
      "Iteration: 21\n",
      "[[  0.         -10.78315889 -15.57262881 -17.59911808 -18.28706416]\n",
      " [-10.78315889 -14.14893776 -16.44270947 -17.41483469 -17.59911808]\n",
      " [-15.57262881 -16.44270947 -16.86779822 -16.44270947 -15.57262881]\n",
      " [-17.59911808 -17.41483469 -16.44270947 -14.14893776 -10.78315889]\n",
      " [-18.28706416 -17.59911808 -15.57262881 -10.78315889   0.        ]]\n",
      "12.5699226979\n",
      "Iteration: 22\n",
      "[[  0.         -11.12618137 -16.09940381 -18.21841144 -18.94309112]\n",
      " [-11.12618137 -14.61293418 -17.00104987 -18.02091377 -18.21841144]\n",
      " [-16.09940381 -17.00104987 -17.44270947 -17.00104987 -16.09940381]\n",
      " [-18.21841144 -18.02091377 -17.00104987 -14.61293418 -11.12618137]\n",
      " [-18.94309112 -18.21841144 -16.09940381 -11.12618137   0.        ]]\n",
      "12.2168411093\n"
     ]
    }
   ],
   "source": [
    "# Start synchronous backup\n",
    "change = 100\n",
    "iteration = 0\n",
    "while change > EPSILON:\n",
    "    iteration += 1\n",
    "    print(\"Iteration: %d\" % iteration)\n",
    "    \n",
    "    # Keep track of current value to determine change for convergence\n",
    "    currentValue = value.copy()\n",
    "    value = 0\n",
    "    \n",
    "    # Calculate new value using Bellman Equation\n",
    "    for action in range(4):\n",
    "        newState = transitionProbability[:, action]\n",
    "        newStateValue = policy[:,action]*currentValue.reshape(NUMBER_OF_ROWS*NUMBER_OF_COLUMNS)[np.argwhere(newState != 0)][:, 1]\n",
    "        value += (policy[:, action]*reward[:, action]).reshape(NUMBER_OF_ROWS,NUMBER_OF_COLUMNS) + DISCOUNT_FACTOR*newStateValue.reshape(5,5)\n",
    "    \n",
    "    print(value)\n",
    "    change = np.sum(abs(value - currentValue))\n",
    "    print(change)\n",
    "        "
   ]
  },
  {
   "cell_type": "code",
   "execution_count": null,
   "metadata": {
    "collapsed": true
   },
   "outputs": [],
   "source": []
  }
 ],
 "metadata": {
  "kernelspec": {
   "display_name": "Python 3",
   "language": "python",
   "name": "python3"
  },
  "language_info": {
   "codemirror_mode": {
    "name": "ipython",
    "version": 3
   },
   "file_extension": ".py",
   "mimetype": "text/x-python",
   "name": "python",
   "nbconvert_exporter": "python",
   "pygments_lexer": "ipython3",
   "version": "3.6.3"
  }
 },
 "nbformat": 4,
 "nbformat_minor": 2
}
